0.06295224312590449 0.728494623655914
0.10274963820549927 0.7432795698924731
0.13675832127351664 0.7567204301075269
0.16208393632416787 0.7620967741935484
0.18306801736613604 0.7419354838709677
0.20694645441389292 0.728494623655914
0.2272069464544139 0.717741935483871
0.2460202604920405 0.7123655913978495
0.2662807525325615 0.7163978494623656
0.2858176555716353 0.7244623655913979
0.30028943560057886 0.7325268817204301
0.32127351664254705 0.7486559139784946
0.3451519536903039 0.7594086021505376
0.361794500723589 0.7513440860215054
0.37264833574529665 0.7365591397849462
0.3835021707670043 0.7150537634408602
0.3914616497829233 0.696236559139785
0.40955137481910275 0.6760752688172043
0.4392185238784371 0.668010752688172
0.4681620839363242 0.6693548387096774
0.4963820549927641 0.6774193548387096
0.5202604920405209 0.6706989247311828
0.5419681620839363 0.6639784946236559
0.5499276410998553 0.6545698924731183
0.5593342981186686 0.6303763440860215
0.5636758321273516 0.592741935483871
0.5615050651230101 0.5201612903225806
0.5593342981186686 0.4475806451612903
0.5629522431259045 0.375
0.5709117221418234 0.3346774193548387
0.5890014471780028 0.3077956989247312
0.6215629522431259 0.30376344086021506
0.6497829232995659 0.3024193548387097
0.6693198263386396 0.2956989247311828
0.6765557163531114 0.2768817204301075
0.6772793053545586 0.22311827956989247
0.6758321273516642 0.14516129032258066
0.6758321273516642 0.09946236559139784
0.670767004341534 0.0793010752688172
0.6606367583212736 0.06720430107526881
0.622286541244573 0.06182795698924731
0.58972503617945 0.06451612903225806
0.532561505065123 0.06586021505376344
0.47756874095513746 0.06317204301075269
0.4356005788712012 0.06720430107526881
0.41244573082489144 0.06854838709677419
0.402315484804631 0.07123655913978495
0.3979739507959479 0.1303763440860215
0.3979739507959479 0.17876344086021506
0.3958031837916064 0.23387096774193547
0.3994211287988423 0.28091397849462363
0.4081041968162084 0.29973118279569894
0.42619392185238786 0.30376344086021506
0.4515195369030391 0.29973118279569894
0.47756874095513746 0.29435483870967744
0.507959479015919 0.3010752688172043
0.5267727930535456 0.3131720430107527
0.5390738060781476 0.3346774193548387
0.5434153400868307 0.3696236559139785
0.5441389290882779 0.41263440860215056
0.5470332850940666 0.4731182795698925
0.5477568740955138 0.5161290322580645
0.5477568740955138 0.5685483870967742
0.5470332850940666 0.6048387096774194
0.5578871201157742 0.6370967741935484
0.5687409551374819 0.6518817204301075
0.5911722141823444 0.6693548387096774
0.6085383502170767 0.6733870967741935
0.6085383502170767 0.6733870967741935
0.630246020260492 0.6827956989247311
0.6599131693198264 0.6922043010752689
0.6729377713458755 0.7204301075268817
0.6765557163531114 0.771505376344086
0.6729377713458755 0.8333333333333334
0.670767004341534 0.8897849462365591
0.6685962373371924 0.9206989247311828
0.6548480463096961 0.9327956989247311
0.6099855282199711 0.9381720430107527
0.5549927641099855 0.9354838709677419
0.4956584659913169 0.9381720430107527
0.44573082489146165 0.9395161290322581
0.41389290882778584 0.9314516129032258
0.4037626628075253 0.9166666666666666
0.39652677279305354 0.8911290322580645
0.39652677279305354 0.8440860215053764
0.3994211287988423 0.793010752688172
0.3979739507959479 0.706989247311828
0.40014471780028943 0.6115591397849462
0.3979739507959479 0.5026881720430108
0.39725036179450074 0.4018817204301075
0.3986975397973951 0.3682795698924731
0.40593342981186686 0.33736559139784944
0.4196816208393632 0.32526881720430106
0.4384949348769899 0.32526881720430106
0.48191027496382055 0.32526881720430106
0.5173661360347322 0.3346774193548387
0.5564399421128798 0.3467741935483871
0.5839363241678727 0.3655913978494624
0.6070911722141823 0.3790322580645161
0.6700434153400868 0.3790322580645161
0.7134587554269175 0.3790322580645161
0.7329956584659914 0.37231182795698925
0.743849493487699 0.3629032258064516
0.7604920405209841 0.33602150537634407
0.7727930535455861 0.31451612903225806
0.7908827785817656 0.30376344086021506
0.8147612156295224 0.30510752688172044
0.8480463096960926 0.3172043010752688
0.8704775687409552 0.34408602150537637
0.877713458755427 0.3790322580645161
0.8798842257597684 0.42338709677419356
0.877713458755427 0.4543010752688172
0.8661360347322721 0.4838709677419355
0.8560057887120116 0.5188172043010753
0.8531114327062229 0.571236559139785
0.8574529667149059 0.6115591397849462
0.861794500723589 0.635752688172043
0.8712011577424024 0.6559139784946236
0.8849493487698987 0.6814516129032258
0.8958031837916064 0.696236559139785
0.8986975397973951 0.7110215053763441